finalfoil mod1
 1.00000     0.00000
 0.99978     0.00005
 0.99914     0.00018
 0.99810     0.00040
 0.99670     0.00070
 0.99494     0.00107
 0.99282     0.00153
 0.99036     0.00206
 0.98756     0.00266
 0.98442     0.00334
 0.98097     0.00409
 0.97719     0.00491
 0.97310     0.00580
 0.96870     0.00677
 0.96400     0.00780
 0.95901     0.00891
 0.95373     0.01008
 0.94818     0.01133
 0.94235     0.01265
 0.93627     0.01403
 0.92994     0.01548
 0.92336     0.01699
 0.91656     0.01856
 0.90952     0.02018
 0.90228     0.02184
 0.89482     0.02355
 0.88716     0.02530
 0.87930     0.02707
 0.87125     0.02888
 0.86302     0.03070
 0.85462     0.03255
 0.84605     0.03440
 0.83731     0.03626
 0.82841     0.03812
 0.81935     0.03997
 0.81015     0.04182
 0.80080     0.04365
 0.79132     0.04546
 0.78170     0.04725
 0.77194     0.04902
 0.76206     0.05075
 0.75206     0.05245
 0.74194     0.05410
 0.73170     0.05572
 0.72136     0.05730
 0.71091     0.05882
 0.70035     0.06030
 0.68970     0.06173
 0.67896     0.06310
 0.66812     0.06442
 0.65720     0.06568
 0.64620     0.06688
 0.63512     0.06802
 0.62397     0.06910
 0.61276     0.07012
 0.60148     0.07109
 0.59014     0.07198
 0.57876     0.07282
 0.56732     0.07360
 0.55584     0.07431
 0.54433     0.07497
 0.53279     0.07556
 0.52123     0.07610
 0.50964     0.07657
 0.49805     0.07699
 0.48645     0.07735
 0.47485     0.07765
 0.46326     0.07789
 0.45169     0.07808
 0.44015     0.07821
 0.42863     0.07828
 0.41715     0.07829
 0.40571     0.07825
 0.39432     0.07815
 0.38299     0.07799
 0.37172     0.07778
 0.36052     0.07751
 0.34939     0.07718
 0.33835     0.07679
 0.32739     0.07635
 0.31653     0.07585
 0.30577     0.07530
 0.29512     0.07469
 0.28457     0.07402
 0.27415     0.07330
 0.26384     0.07253
 0.25367     0.07170
 0.24363     0.07082
 0.23372     0.06988
 0.22397     0.06890
 0.21436     0.06786
 0.20491     0.06678
 0.19562     0.06565
 0.18649     0.06446
 0.17753     0.06324
 0.16875     0.06196
 0.16015     0.06065
 0.15173     0.05928
 0.14350     0.05788
 0.13547     0.05644
 0.12763     0.05496
 0.11999     0.05344
 0.11256     0.05189
 0.10534     0.05030
 0.09834     0.04868
 0.09155     0.04703
 0.08498     0.04534
 0.07864     0.04363
 0.07253     0.04189
 0.06665     0.04012
 0.06100     0.03833
 0.05558     0.03651
 0.05041     0.03467
 0.04547     0.03282
 0.04077     0.03095
 0.03632     0.02906
 0.03211     0.02717
 0.02815     0.02527
 0.02443     0.02336
 0.02097     0.02146
 0.01775     0.01956
 0.01479     0.01768
 0.01208     0.01580
 0.00963     0.01395
 0.00745     0.01213
 0.00553     0.01034
 0.00389     0.00858
 0.00254     0.00686
 0.00147     0.00518
 0.00069     0.00353
 0.00020     0.00192
 0.00000     0.00035
 0.00011    -0.00115
 0.00054    -0.00261
 0.00132    -0.00402
 0.00244    -0.00541
 0.00390    -0.00680
 0.00568    -0.00822
 0.00776    -0.00964
 0.01013    -0.01106
 0.01280    -0.01248
 0.01575    -0.01390
 0.01899    -0.01531
 0.02250    -0.01671
 0.02629    -0.01810
 0.03035    -0.01948
 0.03469    -0.02083
 0.03929    -0.02217
 0.04416    -0.02348
 0.04929    -0.02477
 0.05468    -0.02604
 0.06033    -0.02727
 0.06624    -0.02848
 0.07240    -0.02966
 0.07881    -0.03081
 0.08547    -0.03193
 0.09237    -0.03302
 0.09951    -0.03408
 0.10689    -0.03511
 0.11450    -0.03610
 0.12234    -0.03707
 0.13041    -0.03800
 0.13869    -0.03890
 0.14718    -0.03977
 0.15589    -0.04061
 0.16480    -0.04142
 0.17390    -0.04220
 0.18320    -0.04295
 0.19268    -0.04367
 0.20234    -0.04436
 0.21217    -0.04502
 0.22216    -0.04565
 0.23231    -0.04624
 0.24261    -0.04681
 0.25305    -0.04733
 0.26363    -0.04783
 0.27434    -0.04828
 0.28517    -0.04870
 0.29612    -0.04908
 0.30717    -0.04943
 0.31833    -0.04973
 0.32958    -0.04999
 0.34093    -0.05020
 0.35235    -0.05037
 0.36385    -0.05050
 0.37542    -0.05058
 0.38705    -0.05061
 0.39873    -0.05059
 0.41047    -0.05053
 0.42225    -0.05041
 0.43406    -0.05024
 0.44590    -0.05002
 0.45777    -0.04975
 0.46966    -0.04942
 0.48156    -0.04904
 0.49346    -0.04861
 0.50537    -0.04812
 0.51727    -0.04757
 0.52915    -0.04697
 0.54103    -0.04631
 0.55287    -0.04560
 0.56469    -0.04483
 0.57648    -0.04400
 0.58823    -0.04312
 0.59994    -0.04218
 0.61159    -0.04119
 0.62320    -0.04014
 0.63475    -0.03904
 0.64623    -0.03789
 0.65765    -0.03668
 0.66900    -0.03543
 0.68028    -0.03412
 0.69148    -0.03277
 0.70261    -0.03137
 0.71365    -0.02992
 0.72462    -0.02844
 0.73550    -0.02691
 0.74629    -0.02536
 0.75701    -0.02377
 0.76766    -0.02217
 0.77823    -0.02057
 0.78873    -0.01899
 0.79914    -0.01746
 0.80944    -0.01599
 0.81961    -0.01459
 0.82963    -0.01328
 0.83948    -0.01206
 0.84913    -0.01092
 0.85857    -0.00987
 0.86778    -0.00890
 0.87676    -0.00800
 0.88548    -0.00718
 0.89393    -0.00643
 0.90211    -0.00574
 0.91000    -0.00512
 0.91760    -0.00455
 0.92490    -0.00403
 0.93189    -0.00356
 0.93857    -0.00313
 0.94493    -0.00274
 0.95096    -0.00239
 0.95666    -0.00207
 0.96202    -0.00178
 0.96706    -0.00151
 0.97175    -0.00127
 0.97610    -0.00105
 0.98010    -0.00086
 0.98375    -0.00069
 0.98705    -0.00054
 0.98999    -0.00041
 0.99256    -0.00030
 0.99477    -0.00020
 0.99660    -0.00013
 0.99805    -0.00007
 0.99911    -0.00003
 0.99977    -0.00001
 1.00000     0.00000
